{
	"distance_matrix" : [
		[
			0,
			0.267263,
			0.109274,
			0.022656,
			0.104712,
			0.0857815,
			0.175774,
			0.0157558,
			0.0567725,
			0.00854554,
			0.0933855,
			0.0363383,
			0.207352,
			0.105231,
			0.173202,
			0.296884,
			0.272568,
			0.211466,
			0.262386,
			0.00294869,
			0.342532,
			0.0281241,
			0.0100118,
			0.00693364,
			0.0494433,
			0.0350655,
			0.444544,
			0.312385,
			0.135403,
			0.315026,
			0.313493,
			0.239443,
			0.0205624,
			0.260456,
			0.0304322,
			0.0371475,
			0.0183358,
			0.0852863,
			0.0561904,
			0.0254518,
			0.0540592,
			0.0898371,
			0.0157652,
			0.149708,
			0.201984,
			0.0119703,
			0.206722,
			0.0604322,
			0.32669,
			0.122191,
			0.097315,
			0.126051,
			0.0103633,
			0.398438,
			0.334983,
			0.0147451,
			0.11784,
			0.329646,
			0.0397428,
			0.152556,
			0.0607857,
			0.0213697,
			0.0121032,
			0.00307296,
			0.0733906,
			0.0214403,
			0.259978,
			0.0559648,
			0.0544133,
			0.337861,
			0.146929,
			0.0341322,
			0.241184,
			0.141891,
			0.0363901,
			0.0327508,
			0.00341166,
			0.458353,
			0.110156,
			0.269346,
			0.155468,
			0.0806463,
			0.0405988,
			0.00311391,
			0.0546059,
			0.182566,
			0.145638,
			0.0341732,
			0.109016,
			0.197916,
			0.114454,
			0.0492459,
			0.031666,
			0.14452,
			0.00674139,
			0.159486,
			0.178078,
			0.0731376,
			0.438858,
			0.00499763
		],
		[
			0.267263,
			0,
			0.262,
			0.27009,
			0.228492,
			0.224115,
			0.267895,
			0.261352,
			0.237173,
			0.257416,
			0.208025,
			0.236466,
			0.288599,
			0.261224,
			0.254258,
			0.329838,
			0.293751,
			0.267328,
			0.311198,
			0.272493,
			0.406257,
			0.242951,
			0.253996,
			0.264651,
			0.261067,
			0.25129,
			0.414068,
			0.321755,
			0.225124,
			0.330898,
			0.33509,
			0.321886,
			0.248392,
			0.275847,
			0.254138,
			0.236702,
			0.244668,
			0.268799,
			0.245635,
			0.247759,
			0.246451,
			0.2516,
			0.246109,
			0.269203,
			0.258479,
			0.24883,
			0.263952,
			0.235818,
			0.331475,
			0.239029,
			0.224201,
			0.262988,
			0.256629,
			0.439471,
			0.320287,
			0.253705,
			0.228505,
			0.331355,
			0.235315,
			0.246889,
			0.231517,
			0.249121,
			0.251125,
			0.26317,
			0.22356,
			0.250584,
			0.33148,
			0.247635,
			0.236623,
			0.350977,
			0.248714,
			0.250914,
			0.272999,
			0.240497,
			0.242335,
			0.25909,
			0.270318,
			0.429832,
			0.229408,
			0.333309,
			0.273118,
			0.220993,
			0.250483,
			0.269649,
			0.26339,
			0.259764,
			0.258246,
			0.271293,
			0.278749,
			0.247543,
			0.270134,
			0.238672,
			0.242243,
			0.233155,
			0.261405,
			0.228422,
			0.241544,
			0.250057,
			0.437271,
			0.262802
		],
		[
			0.109274,
			0.262,
			0,
			0.118629,
			0.13795,
			0.116537,
			0.187769,
			0.106697,
			0.112029,
			0.106561,
			0.125885,
			0.112946,
			0.200391,
			0.140307,
			0.178759,
			0.259397,
			0.230477,
			0.203923,
			0.235986,
			0.114148,
			0.343098,
			0.0995097,
			0.106671,
			0.103124,
			0.109472,
			0.110178,
			0.371982,
			0.262162,
			0.16489,
			0.282015,
			0.29571,
			0.242005,
			0.106923,
			0.246674,
			0.101022,
			0.109603,
			0.10908,
			0.126843,
			0.111229,
			0.106627,
			0.103398,
			0.142739,
			0.107395,
			0.165403,
			0.198692,
			0.10396,
			0.202434,
			0.131335,
			0.277524,
			0.148092,
			0.133387,
			0.162728,
			0.110401,
			0.38887,
			0.307427,
			0.112956,
			0.151914,
			0.301335,
			0.108375,
			0.188411,
			0.11838,
			0.0995531,
			0.103993,
			0.110558,
			0.116806,
			0.103235,
			0.255377,
			0.121132,
			0.120228,
			0.317402,
			0.14071,
			0.1113,
			0.235126,
			0.147159,
			0.112103,
			0.09829,
			0.113282,
			0.384633,
			0.139007,
			0.265497,
			0.190426,
			0.108959,
			0.0951498,
			0.112982,
			0.110277,
			0.181369,
			0.171757,
			0.107922,
			0.153227,
			0.180833,
			0.153887,
			0.127128,
			0.112383,
			0.150726,
			0.110653,
			0.172894,
			0.179842,
			0.116468,
			0.374375,
			0.108722
		],
		[
			0.022656,
			0.27009,
			0.118629,
			0,
			0.0810502,
			0.110901,
			0.169294,
			0.0110277,
			0.0536229,
			0.0194505,
			0.0771114,
			0.0473073,
			0.202806,
			0.107938,
			0.169756,
			0.293336,
			0.271355,
			0.219574,
			0.250154,
			0.0202582,
			0.341183,
			0.0382105,
			0.0159737,
			0.0233778,
			0.0557172,
			0.0515883,
			0.440083,
			0.308271,
			0.1453,
			0.318326,
			0.309201,
			0.237581,
			0.0360278,
			0.260149,
			0.0495326,
			0.0452098,
			0.029483,
			0.0963005,
			0.073364,
			0.0324831,
			0.0703376,
			0.0925241,
			0.0265085,
			0.141995,
			0.19214,
			0.0259899,
			0.199763,
			0.0832398,
			0.325875,
			0.123108,
			0.108275,
			0.127781,
			0.0262073,
			0.387963,
			0.331397,
			0.0374593,
			0.116561,
			0.311849,
			0.0385408,
			0.16003,
			0.0511963,
			0.0320065,
			0.0158616,
			0.0206069,
			0.0763819,
			0.0406231,
			0.25438,
			0.0405788,
			0.0633249,
			0.322597,
			0.137143,
			0.0523787,
			0.229281,
			0.136553,
			0.0353714,
			0.0413012,
			0.0179873,
			0.436908,
			0.11725,
			0.26064,
			0.150395,
			0.0839413,
			0.0317395,
			0.0188152,
			0.0694109,
			0.197093,
			0.148275,
			0.0531196,
			0.121485,
			0.199568,
			0.110237,
			0.0654422,
			0.0409953,
			0.157206,
			0.0215622,
			0.154086,
			0.180522,
			0.0872762,
			0.417989,
			0.0184856
		],
		[
			0.104712,
			0.228492,
			0.13795,
			0.0810502,
			0,
			0.139039,
			0.165446,
			0.0778913,
			0.0890761,
			0.0937161,
			0.0825017,
			0.0988612,
			0.194276,
			0.124162,
			0.164389,
			0.259482,
			0.248967,
			0.184648,
			0.206998,
			0.105907,
			0.316126,
			0.0978831,
			0.0915421,
			0.10414,
			0.10015,
			0.1196,
			0.384496,
			0.275762,
			0.139888,
			0.291623,
			0.275801,
			0.233041,
			0.106229,
			0.214206,
			0.109329,
			0.0857729,
			0.0985669,
			0.12298,
			0.104283,
			0.0861671,
			0.108801,
			0.11596,
			0.0961701,
			0.146129,
			0.178103,
			0.0926265,
			0.181707,
			0.111663,
			0.295176,
			0.125983,
			0.118745,
			0.148326,
			0.0963235,
			0.350718,
			0.292769,
			0.10453,
			0.121659,
			0.270041,
			0.0848282,
			0.157032,
			0.0705322,
			0.0823704,
			0.0825717,
			0.100587,
			0.106751,
			0.107824,
			0.208692,
			0.0818373,
			0.106758,
			0.267315,
			0.133801,
			0.110508,
			0.197588,
			0.139991,
			0.0948517,
			0.0946988,
			0.103322,
			0.37298,
			0.13082,
			0.233108,
			0.151422,
			0.107063,
			0.0903352,
			0.104089,
			0.111376,
			0.175075,
			0.137926,
			0.135102,
			0.137916,
			0.184447,
			0.123851,
			0.115892,
			0.0996899,
			0.154769,
			0.101605,
			0.14151,
			0.162905,
			0.121582,
			0.35821,
			0.0973724
		],
		[
			0.0857815,
			0.224115,
			0.116537,
			0.110901,
			0.139039,
			0,
			0.190996,
			0.102369,
			0.101509,
			0.0906047,
			0.125181,
			0.0895735,
			0.219738,
			0.142586,
			0.163671,
			0.27182,
			0.236568,
			0.195935,
			0.245857,
			0.0947057,
			0.356863,
			0.0900653,
			0.0929441,
			0.0880692,
			0.115658,
			0.0779135,
			0.379395,
			0.270708,
			0.12971,
			0.283175,
			0.284266,
			0.258919,
			0.0757318,
			0.231062,
			0.0899312,
			0.0951143,
			0.0726235,
			0.115633,
			0.109321,
			0.0970804,
			0.109828,
			0.134255,
			0.091414,
			0.148021,
			0.173354,
			0.0886515,
			0.207632,
			0.104819,
			0.280728,
			0.140083,
			0.124522,
			0.157475,
			0.0834604,
			0.40753,
			0.29899,
			0.0845482,
			0.124267,
			0.282008,
			0.104391,
			0.166324,
			0.108352,
			0.0903082,
			0.0853693,
			0.0896184,
			0.108242,
			0.0830716,
			0.269332,
			0.117847,
			0.0931851,
			0.305797,
			0.141194,
			0.0859111,
			0.209901,
			0.1345,
			0.111284,
			0.0966984,
			0.0933769,
			0.399778,
			0.106875,
			0.266468,
			0.175888,
			0.0889788,
			0.0972564,
			0.0926097,
			0.109523,
			0.179145,
			0.169311,
			0.0777726,
			0.150545,
			0.154767,
			0.150006,
			0.112626,
			0.0977207,
			0.131951,
			0.0891668,
			0.169975,
			0.168739,
			0.113827,
			0.399982,
			0.0900826
		],
		[
			0.175774,
			0.267895,
			0.187769,
			0.169294,
			0.165446,
			0.190996,
			0,
			0.164126,
			0.142494,
			0.16837,
			0.143262,
			0.154766,
			0.218731,
			0.173731,
			0.192203,
			0.284425,
			0.285061,
			0.21775,
			0.246394,
			0.182835,
			0.319298,
			0.14771,
			0.162028,
			0.17496,
			0.151042,
			0.203167,
			0.41178,
			0.308547,
			0.165078,
			0.292703,
			0.310863,
			0.25114,
			0.186796,
			0.23728,
			0.152911,
			0.140026,
			0.172272,
			0.175113,
			0.15083,
			0.152896,
			0.141966,
			0.165717,
			0.160026,
			0.202829,
			0.209819,
			0.163502,
			0.212958,
			0.164579,
			0.316119,
			0.175438,
			0.161786,
			0.179126,
			0.176018,
			0.357872,
			0.316867,
			0.169989,
			0.171043,
			0.329238,
			0.142803,
			0.181424,
			0.158359,
			0.150501,
			0.165774,
			0.173493,
			0.143254,
			0.159851,
			0.267051,
			0.147272,
			0.197009,
			0.310768,
			0.195107,
			0.162071,
			0.23952,
			0.165862,
			0.157434,
			0.148984,
			0.180085,
			0.402233,
			0.170657,
			0.258216,
			0.199334,
			0.171363,
			0.155958,
			0.180246,
			0.151282,
			0.214359,
			0.189349,
			0.210021,
			0.183047,
			0.227877,
			0.170633,
			0.169607,
			0.141913,
			0.196779,
			0.181092,
			0.194859,
			0.205942,
			0.156038,
			0.395816,
			0.174061
		],
		[
			0.0157558,
			0.261352,
			0.106697,
			0.0110277,
			0.0778913,
			0.102369,
			0.164126,
			0,
			0.0484265,
			0.0137309,
			0.0768175,
			0.043374,
			0.197489,
			0.100004,
			0.170273,
			0.286753,
			0.260559,
			0.207658,
			0.246755,
			0.0133485,
			0.333741,
			0.0330579,
			0.013892,
			0.0158476,
			0.0412066,
			0.0432436,
			0.435042,
			0.298942,
			0.140501,
			0.311894,
			0.300709,
			0.232223,
			0.0291068,
			0.25002,
			0.0423692,
			0.0384363,
			0.0247114,
			0.0835919,
			0.0613355,
			0.025704,
			0.0586651,
			0.0855615,
			0.0222873,
			0.137633,
			0.186069,
			0.0156903,
			0.195927,
			0.071993,
			0.311888,
			0.115367,
			0.102638,
			0.123286,
			0.0185947,
			0.379189,
			0.325205,
			0.0302397,
			0.111123,
			0.308524,
			0.033501,
			0.15271,
			0.0480948,
			0.021126,
			0.0111328,
			0.0136535,
			0.0692653,
			0.0362558,
			0.242006,
			0.0421473,
			0.0573218,
			0.322149,
			0.132938,
			0.0462307,
			0.225344,
			0.133831,
			0.0300482,
			0.0325031,
			0.0122708,
			0.430817,
			0.106988,
			0.253824,
			0.150309,
			0.074283,
			0.0337502,
			0.0131571,
			0.056512,
			0.183496,
			0.138249,
			0.0464585,
			0.109718,
			0.195077,
			0.0999781,
			0.0556701,
			0.0376482,
			0.142026,
			0.0138331,
			0.149348,
			0.17211,
			0.0764565,
			0.412537,
			0.0134642
		],
		[
			0.0567725,
			0.237173,
			0.112029,
			0.0536229,
			0.0890761,
			0.101509,
			0.142494,
			0.0484265,
			0,
			0.0540757,
			0.0871355,
			0.0570982,
			0.177405,
			0.0849859,
			0.14759,
			0.262616,
			0.256193,
			0.177041,
			0.212657,
			0.0595779,
			0.307742,
			0.0478689,
			0.0505145,
			0.0588507,
			0.0538145,
			0.0886839,
			0.376853,
			0.277164,
			0.126162,
			0.269635,
			0.279687,
			0.219977,
			0.0714001,
			0.225428,
			0.0521825,
			0.0575841,
			0.0607968,
			0.0850445,
			0.0704472,
			0.0475679,
			0.0670818,
			0.0811472,
			0.0577928,
			0.139514,
			0.175152,
			0.047727,
			0.168509,
			0.0796627,
			0.291007,
			0.104706,
			0.105039,
			0.0976235,
			0.0604201,
			0.342568,
			0.303891,
			0.062795,
			0.108021,
			0.291578,
			0.0628981,
			0.146696,
			0.0639611,
			0.0470256,
			0.0515706,
			0.0565468,
			0.0708761,
			0.0527042,
			0.224598,
			0.0725518,
			0.10268,
			0.29997,
			0.128395,
			0.0484364,
			0.20973,
			0.116672,
			0.0597491,
			0.0504597,
			0.0593157,
			0.405861,
			0.117654,
			0.230767,
			0.124338,
			0.0931823,
			0.058642,
			0.0596807,
			0.0641813,
			0.175111,
			0.144609,
			0.088878,
			0.105658,
			0.182327,
			0.0936595,
			0.075231,
			0.0532722,
			0.13661,
			0.0603672,
			0.148635,
			0.156427,
			0.0793491,
			0.377995,
			0.0539645
		],
		[
			0.00854554,
			0.257416,
			0.106561,
			0.0194505,
			0.0937161,
			0.0906047,
			0.16837,
			0.0137309,
			0.0540757,
			0,
			0.0822439,
			0.0384427,
			0.194802,
			0.103175,
			0.168452,
			0.286177,
			0.26151,
			0.204055,
			0.252393,
			0.0060948,
			0.324732,
			0.0300062,
			0.0118121,
			0.00955131,
			0.0477869,
			0.0359862,
			0.434306,
			0.295831,
			0.135862,
			0.306731,
			0.301377,
			0.231135,
			0.0222197,
			0.251121,
			0.0353672,
			0.0379686,
			0.019163,
			0.0866014,
			0.0530156,
			0.0224749,
			0.057614,
			0.0872723,
			0.0138888,
			0.146528,
			0.193829,
			0.0121173,
			0.198271,
			0.0599953,
			0.314698,
			0.119277,
			0.092478,
			0.120562,
			0.0116901,
			0.384277,
			0.322623,
			0.0197035,
			0.112665,
			0.313066,
			0.0342555,
			0.14302,
			0.0538343,
			0.022625,
			0.0110283,
			0.00756722,
			0.0659334,
			0.0270248,
			0.250404,
			0.0469604,
			0.0527889,
			0.322385,
			0.140589,
			0.0367138,
			0.227654,
			0.136661,
			0.0278947,
			0.0365781,
			0.00604714,
			0.44241,
			0.107566,
			0.256567,
			0.152538,
			0.0744612,
			0.0408514,
			0.00533579,
			0.0580486,
			0.178265,
			0.138122,
			0.0389683,
			0.108634,
			0.193215,
			0.10883,
			0.0431939,
			0.0292934,
			0.139644,
			0.00770013,
			0.14648,
			0.169635,
			0.0783532,
			0.421858,
			0.00682038
		],
		[
			0.0933855,
			0.208025,
			0.125885,
			0.0771114,
			0.0825017,
			0.125181,
			0.143262,
			0.0768175,
			0.0871355,
			0.0822439,
			0,
			0.0905138,
			0.178759,
			0.128801,
			0.144135,
			0.238178,
			0.235121,
			0.175891,
			0.189889,
			0.0935459,
			0.303231,
			0.083817,
			0.0751743,
			0.0910221,
			0.100418,
			0.101212,
			0.379257,
			0.266485,
			0.125509,
			0.263527,
			0.26473,
			0.219016,
			0.0931176,
			0.196079,
			0.0987273,
			0.0882526,
			0.0855997,
			0.135542,
			0.0962624,
			0.0871245,
			0.0951376,
			0.123023,
			0.0791115,
			0.148132,
			0.164731,
			0.0833958,
			0.165517,
			0.106905,
			0.280951,
			0.122652,
			0.0894404,
			0.142031,
			0.0906638,
			0.335366,
			0.254731,
			0.0935375,
			0.117617,
			0.269083,
			0.0728528,
			0.12545,
			0.0717594,
			0.0865479,
			0.0758167,
			0.0887717,
			0.0932636,
			0.095803,
			0.22805,
			0.0705369,
			0.084079,
			0.256124,
			0.147183,
			0.099625,
			0.192351,
			0.125578,
			0.0823118,
			0.0914207,
			0.09006,
			0.368008,
			0.118151,
			0.230099,
			0.164686,
			0.102854,
			0.0809842,
			0.091518,
			0.107557,
			0.162864,
			0.122061,
			0.122346,
			0.143675,
			0.16679,
			0.132064,
			0.0952917,
			0.083364,
			0.138559,
			0.0904382,
			0.117425,
			0.158294,
			0.117784,
			0.357899,
			0.0853885
		],
		[
			0.0363383,
			0.236466,
			0.112946,
			0.0473073,
			0.0988612,
			0.0895735,
			0.154766,
			0.043374,
			0.0570982,
			0.0384427,
			0.0905138,
			0,
			0.193613,
			0.0971508,
			0.159088,
			0.276273,
			0.262037,
			0.191161,
			0.228049,
			0.0404903,
			0.309769,
			0.0443061,
			0.0385457,
			0.0378609,
			0.0615668,
			0.0680656,
			0.385763,
			0.292371,
			0.123416,
			0.277996,
			0.302099,
			0.229375,
			0.0527101,
			0.244744,
			0.0504013,
			0.048673,
			0.0446347,
			0.0957158,
			0.0779812,
			0.0378237,
			0.0670355,
			0.0928832,
			0.0422256,
			0.154513,
			0.183262,
			0.0331931,
			0.186209,
			0.0712688,
			0.306662,
			0.113663,
			0.109105,
			0.112722,
			0.0439097,
			0.372822,
			0.305848,
			0.0427423,
			0.108953,
			0.309871,
			0.0554439,
			0.145712,
			0.0729199,
			0.0400567,
			0.0385155,
			0.0392736,
			0.0812174,
			0.0332169,
			0.243855,
			0.0743848,
			0.0830908,
			0.305135,
			0.126167,
			0.0357518,
			0.214682,
			0.131503,
			0.0636688,
			0.0515958,
			0.0397441,
			0.424655,
			0.118978,
			0.24988,
			0.138148,
			0.0781818,
			0.0541272,
			0.0391244,
			0.0740086,
			0.189302,
			0.145366,
			0.0675683,
			0.111706,
			0.168193,
			0.109133,
			0.0707154,
			0.0342231,
			0.149069,
			0.0395018,
			0.155507,
			0.17136,
			0.0738908,
			0.400527,
			0.0346374
		],
		[
			0.207352,
			0.288599,
			0.200391,
			0.202806,
			0.194276,
			0.219738,
			0.218731,
			0.197489,
			0.177405,
			0.194802,
			0.178759,
			0.193613,
			0,
			0.212288,
			0.244155,
			0.285946,
			0.269878,
			0.236054,
			0.258768,
			0.21202,
			0.315424,
			0.176817,
			0.191389,
			0.20394,
			0.199206,
			0.216694,
			0.385266,
			0.307041,
			0.203969,
			0.271286,
			0.30703,
			0.234281,
			0.212234,
			0.261448,
			0.188878,
			0.186312,
			0.204576,
			0.217893,
			0.17952,
			0.190936,
			0.163979,
			0.200297,
			0.180817,
			0.212957,
			0.233923,
			0.190184,
			0.214152,
			0.199873,
			0.320354,
			0.20625,
			0.179869,
			0.198807,
			0.210119,
			0.358482,
			0.318543,
			0.199567,
			0.217226,
			0.331014,
			0.169511,
			0.197107,
			0.186267,
			0.190408,
			0.194117,
			0.202763,
			0.160203,
			0.1933,
			0.297873,
			0.177966,
			0.208631,
			0.323238,
			0.223829,
			0.195442,
			0.284025,
			0.192212,
			0.170379,
			0.193831,
			0.211381,
			0.399357,
			0.208264,
			0.256092,
			0.229646,
			0.207496,
			0.188445,
			0.211108,
			0.190669,
			0.214824,
			0.202046,
			0.228893,
			0.223629,
			0.246873,
			0.222474,
			0.17873,
			0.177703,
			0.223729,
			0.207163,
			0.209632,
			0.222204,
			0.19555,
			0.410525,
			0.202155
		],
		[
			0.105231,
			0.261224,
			0.140307,
			0.107938,
			0.124162,
			0.142586,
			0.173731,
			0.100004,
			0.0849859,
			0.103175,
			0.128801,
			0.0971508,
			0.212288,
			0,
			0.195952,
			0.278615,
			0.269812,
			0.19951,
			0.256696,
			0.113075,
			0.315589,
			0.101871,
			0.103177,
			0.110693,
			0.0818689,
			0.144919,
			0.408727,
			0.29762,
			0.142555,
			0.296662,
			0.31568,
			0.233071,
			0.128157,
			0.241871,
			0.100904,
			0.0787548,
			0.117359,
			0.0992129,
			0.103993,
			0.0826315,
			0.103354,
			0.101756,
			0.109123,
			0.156344,
			0.219189,
			0.0969411,
			0.181676,
			0.101291,
			0.31148,
			0.118744,
			0.144104,
			0.118736,
			0.107957,
			0.342592,
			0.338841,
			0.098804,
			0.128174,
			0.32386,
			0.108885,
			0.177265,
			0.10055,
			0.0791073,
			0.104629,
			0.10366,
			0.107723,
			0.0989505,
			0.219193,
			0.126806,
			0.161215,
			0.312518,
			0.137004,
			0.0952474,
			0.230372,
			0.141059,
			0.111197,
			0.0828875,
			0.113408,
			0.406859,
			0.139776,
			0.233404,
			0.138472,
			0.129553,
			0.110631,
			0.112037,
			0.0844116,
			0.19553,
			0.180862,
			0.14226,
			0.107038,
			0.232755,
			0.105705,
			0.113362,
			0.103827,
			0.17129,
			0.114596,
			0.190461,
			0.180883,
			0.0975205,
			0.398909,
			0.108806
		],
		[
			0.173202,
			0.254258,
			0.178759,
			0.169756,
			0.164389,
			0.163671,
			0.192203,
			0.170273,
			0.14759,
			0.168452,
			0.144135,
			0.159088,
			0.244155,
			0.195952,
			0,
			0.269931,
			0.282295,
			0.233811,
			0.221945,
			0.179186,
			0.34647,
			0.15319,
			0.160959,
			0.171013,
			0.173387,
			0.169977,
			0.390294,
			0.315927,
			0.164395,
			0.2995,
			0.280859,
			0.269144,
			0.165545,
			0.22568,
			0.159867,
			0.157276,
			0.150268,
			0.200691,
			0.169792,
			0.1653,
			0.158302,
			0.186556,
			0.159364,
			0.199809,
			0.196136,
			0.164506,
			0.229456,
			0.171671,
			0.311617,
			0.17578,
			0.148312,
			0.193051,
			0.164903,
			0.396327,
			0.294193,
			0.174584,
			0.149636,
			0.288748,
			0.152436,
			0.18325,
			0.149283,
			0.165672,
			0.164237,
			0.172895,
			0.15418,
			0.162968,
			0.27246,
			0.167566,
			0.166983,
			0.286611,
			0.198697,
			0.165858,
			0.224424,
			0.166425,
			0.162587,
			0.163845,
			0.176662,
			0.420029,
			0.156464,
			0.263036,
			0.206297,
			0.151505,
			0.156409,
			0.177096,
			0.177615,
			0.198865,
			0.19919,
			0.189529,
			0.206055,
			0.199985,
			0.201421,
			0.172585,
			0.152789,
			0.193952,
			0.176422,
			0.188018,
			0.208579,
			0.178657,
			0.39355,
			0.170691
		],
		[
			0.296884,
			0.329838,
			0.259397,
			0.293336,
			0.259482,
			0.27182,
			0.284425,
			0.286753,
			0.262616,
			0.286177,
			0.238178,
			0.276273,
			0.285946,
			0.278615,
			0.269931,
			0,
			0.353553,
			0.292119,
			0.337504,
			0.305318,
			0.418229,
			0.269353,
			0.286827,
			0.296623,
			0.2691,
			0.297686,
			0.445547,
			0.388855,
			0.262952,
			0.349611,
			0.359929,
			0.3337,
			0.29536,
			0.311915,
			0.270154,
			0.253269,
			0.281111,
			0.285593,
			0.263515,
			0.269594,
			0.259512,
			0.250332,
			0.282454,
			0.276028,
			0.297486,
			0.283638,
			0.296663,
			0.254942,
			0.361923,
			0.268151,
			0.252828,
			0.275007,
			0.290808,
			0.436145,
			0.368107,
			0.276734,
			0.251386,
			0.384807,
			0.25971,
			0.279827,
			0.245372,
			0.263327,
			0.284344,
			0.293078,
			0.258875,
			0.277447,
			0.329765,
			0.271732,
			0.281306,
			0.353369,
			0.282094,
			0.276506,
			0.291859,
			0.256586,
			0.272892,
			0.269441,
			0.302882,
			0.470805,
			0.257027,
			0.347563,
			0.29164,
			0.270106,
			0.273687,
			0.303051,
			0.275453,
			0.265556,
			0.258058,
			0.318179,
			0.291449,
			0.302074,
			0.270792,
			0.275439,
			0.272298,
			0.281321,
			0.301398,
			0.244274,
			0.300183,
			0.260223,
			0.457548,
			0.295113
		],
		[
			0.272568,
			0.293751,
			0.230477,
			0.271355,
			0.248967,
			0.236568,
			0.285061,
			0.260559,
			0.256193,
			0.26151,
			0.235121,
			0.262037,
			0.269878,
			0.269812,
			0.282295,
			0.353553,
			0,
			0.296309,
			0.338977,
			0.277982,
			0.413759,
			0.248797,
			0.262503,
			0.265722,
			0.263565,
			0.260059,
			0.454311,
			0.316046,
			0.246036,
			0.361216,
			0.346607,
			0.33259,
			0.256052,
			0.288264,
			0.264852,
			0.245595,
			0.254916,
			0.247798,
			0.230636,
			0.255158,
			0.244177,
			0.256554,
			0.24722,
			0.246802,
			0.307528,
			0.261112,
			0.293214,
			0.249349,
			0.357711,
			0.250018,
			0.228177,
			0.264615,
			0.255115,
			0.416391,
			0.384717,
			0.251416,
			0.234449,
			0.320941,
			0.237902,
			0.247403,
			0.244363,
			0.246725,
			0.256298,
			0.265586,
			0.22975,
			0.254774,
			0.329296,
			0.248744,
			0.260432,
			0.383044,
			0.254194,
			0.27318,
			0.303585,
			0.236239,
			0.237823,
			0.254592,
			0.277315,
			0.426012,
			0.237456,
			0.314587,
			0.299326,
			0.23016,
			0.250966,
			0.277722,
			0.271115,
			0.277164,
			0.275321,
			0.266304,
			0.273989,
			0.28973,
			0.265472,
			0.225998,
			0.265381,
			0.252158,
			0.273967,
			0.258514,
			0.243063,
			0.255538,
			0.434356,
			0.271799
		],
		[
			0.211466,
			0.267328,
			0.203923,
			0.219574,
			0.184648,
			0.195935,
			0.21775,
			0.207658,
			0.177041,
			0.204055,
			0.175891,
			0.191161,
			0.236054,
			0.19951,
			0.233811,
			0.292119,
			0.296309,
			0,
			0.263206,
			0.218795,
			0.345626,
			0.189639,
			0.204961,
			0.213184,
			0.194849,
			0.222557,
			0.405456,
			0.308255,
			0.1909,
			0.303851,
			0.307071,
			0.275464,
			0.214045,
			0.252134,
			0.192906,
			0.180094,
			0.205304,
			0.213654,
			0.177162,
			0.191745,
			0.184452,
			0.183168,
			0.199404,
			0.208925,
			0.257177,
			0.196332,
			0.227509,
			0.178542,
			0.324661,
			0.182512,
			0.18698,
			0.193433,
			0.207387,
			0.37809,
			0.318246,
			0.197223,
			0.189493,
			0.333235,
			0.178657,
			0.207842,
			0.188483,
			0.187992,
			0.203354,
			0.211615,
			0.165538,
			0.190279,
			0.309037,
			0.19867,
			0.209933,
			0.323776,
			0.215543,
			0.192554,
			0.267223,
			0.213174,
			0.198453,
			0.188485,
			0.217891,
			0.418116,
			0.190151,
			0.294688,
			0.224129,
			0.200737,
			0.201871,
			0.217741,
			0.197876,
			0.215313,
			0.197176,
			0.237647,
			0.204789,
			0.244039,
			0.193106,
			0.193694,
			0.192099,
			0.195108,
			0.213859,
			0.204176,
			0.218148,
			0.18882,
			0.403368,
			0.21031
		],
		[
			0.262386,
			0.311198,
			0.235986,
			0.250154,
			0.206998,
			0.245857,
			0.246394,
			0.246755,
			0.212657,
			0.252393,
			0.189889,
			0.228049,
			0.258768,
			0.256696,
			0.221945,
			0.337504,
			0.338977,
			0.263206,
			0,
			0.268266,
			0.368139,
			0.225649,
			0.238274,
			0.258491,
			0.225239,
			0.263108,
			0.41927,
			0.358035,
			0.227494,
			0.324319,
			0.364827,
			0.304214,
			0.255905,
			0.294993,
			0.229112,
			0.227853,
			0.24712,
			0.2606,
			0.235859,
			0.235939,
			0.209986,
			0.244633,
			0.243162,
			0.252152,
			0.245867,
			0.239222,
			0.253058,
			0.248618,
			0.347955,
			0.224697,
			0.227889,
			0.249506,
			0.25922,
			0.402378,
			0.354526,
			0.256732,
			0.235065,
			0.359246,
			0.227218,
			0.26267,
			0.222223,
			0.231294,
			0.24286,
			0.260251,
			0.220202,
			0.24458,
			0.317849,
			0.231628,
			0.251236,
			0.32571,
			0.243669,
			0.226505,
			0.285034,
			0.223506,
			0.236724,
			0.224019,
			0.266013,
			0.473021,
			0.238439,
			0.31107,
			0.272238,
			0.231279,
			0.221164,
			0.266256,
			0.232209,
			0.276354,
			0.251193,
			0.280132,
			0.264939,
			0.250898,
			0.250944,
			0.251101,
			0.219946,
			0.250102,
			0.261158,
			0.236781,
			0.266476,
			0.24157,
			0.429199,
			0.253938
		],
		[
			0.00294869,
			0.272493,
			0.114148,
			0.0202582,
			0.105907,
			0.0947057,
			0.182835,
			0.0133485,
			0.0595779,
			0.0060948,
			0.0935459,
			0.0404903,
			0.21202,
			0.113075,
			0.179186,
			0.305318,
			0.277982,
			0.218795,
			0.268266,
			0,
			0.348114,
			0.0309724,
			0.0091528,
			0.00506886,
			0.0501998,
			0.0328674,
			0.453684,
			0.315249,
			0.144681,
			0.323319,
			0.319181,
			0.247353,
			0.0183066,
			0.266664,
			0.0353655,
			0.0425087,
			0.0160658,
			0.0928311,
			0.0597579,
			0.0257213,
			0.059287,
			0.0960996,
			0.0138818,
			0.156522,
			0.206126,
			0.0105107,
			0.212566,
			0.0662062,
			0.332353,
			0.127792,
			0.101957,
			0.131079,
			0.0088536,
			0.406275,
			0.340288,
			0.0188473,
			0.122071,
			0.331383,
			0.0396978,
			0.156063,
			0.0626783,
			0.0240511,
			0.0109568,
			0.00345762,
			0.0751084,
			0.0269908,
			0.269053,
			0.0542004,
			0.0523035,
			0.343565,
			0.152321,
			0.0375865,
			0.245508,
			0.149501,
			0.033745,
			0.0374271,
			0.000997394,
			0.468422,
			0.117417,
			0.274716,
			0.163724,
			0.0820333,
			0.0436992,
			0.000863959,
			0.059683,
			0.18925,
			0.149194,
			0.0336706,
			0.11576,
			0.205925,
			0.121444,
			0.0486818,
			0.0332437,
			0.149651,
			0.00432992,
			0.162594,
			0.183755,
			0.0809621,
			0.446384,
			0.00367128
		],
		[
			0.342532,
			0.406257,
			0.343098,
			0.341183,
			0.316126,
			0.356863,
			0.319298,
			0.333741,
			0.307742,
			0.324732,
			0.303231,
			0.309769,
			0.315424,
			0.315589,
			0.34647,
			0.418229,
			0.413759,
			0.345626,
			0.368139,
			0.348114,
			0,
			0.298629,
			0.322177,
			0.340412,
			0.323441,
			0.375968,
			0.515981,
			0.423333,
			0.306796,
			0.406183,
			0.427634,
			0.32656,
			0.359161,
			0.376219,
			0.320379,
			0.298828,
			0.344712,
			0.345427,
			0.291289,
			0.313117,
			0.296037,
			0.304672,
			0.310077,
			0.330168,
			0.384187,
			0.327703,
			0.338139,
			0.301234,
			0.435511,
			0.303925,
			0.299443,
			0.304908,
			0.345204,
			0.469465,
			0.442247,
			0.316505,
			0.32439,
			0.46085,
			0.287824,
			0.299286,
			0.325019,
			0.313026,
			0.336631,
			0.334395,
			0.275607,
			0.313409,
			0.382994,
			0.311808,
			0.38089,
			0.395603,
			0.333622,
			0.321595,
			0.364664,
			0.316553,
			0.287083,
			0.318335,
			0.348958,
			0.546065,
			0.322903,
			0.357328,
			0.339193,
			0.344033,
			0.329149,
			0.348366,
			0.324634,
			0.347963,
			0.316108,
			0.379507,
			0.326936,
			0.395755,
			0.307727,
			0.287654,
			0.288941,
			0.359046,
			0.34775,
			0.337062,
			0.328978,
			0.321426,
			0.515265,
			0.340688
		],
		[
			0.0281241,
			0.242951,
			0.0995097,
			0.0382105,
			0.0978831,
			0.0900653,
			0.14771,
			0.0330579,
			0.0478689,
			0.0300062,
			0.083817,
			0.0443061,
			0.176817,
			0.101871,
			0.15319,
			0.269353,
			0.248797,
			0.189639,
			0.225649,
			0.0309724,
			0.298629,
			0,
			0.0233933,
			0.0306169,
			0.0573338,
			0.062448,
			0.392595,
			0.288582,
			0.124765,
			0.275036,
			0.283732,
			0.210866,
			0.0441874,
			0.236878,
			0.0333601,
			0.046928,
			0.0364719,
			0.0937915,
			0.0573997,
			0.0420178,
			0.049216,
			0.088874,
			0.0295498,
			0.146792,
			0.178425,
			0.0303804,
			0.175237,
			0.0725745,
			0.303459,
			0.112765,
			0.091249,
			0.110524,
			0.0368946,
			0.363648,
			0.299517,
			0.0366532,
			0.118474,
			0.301738,
			0.0424712,
			0.134701,
			0.0655494,
			0.0362653,
			0.0303904,
			0.0270066,
			0.060257,
			0.0344716,
			0.243733,
			0.0535662,
			0.0763141,
			0.299329,
			0.136908,
			0.0370612,
			0.215144,
			0.124875,
			0.0363157,
			0.0383636,
			0.0314737,
			0.4249,
			0.112782,
			0.232546,
			0.136992,
			0.0839989,
			0.0373709,
			0.0317374,
			0.0603465,
			0.173144,
			0.135787,
			0.0622298,
			0.111925,
			0.176846,
			0.107539,
			0.0508885,
			0.0334912,
			0.136538,
			0.0346179,
			0.148377,
			0.160886,
			0.0785426,
			0.39606,
			0.0279291
		],
		[
			0.0100118,
			0.253996,
			0.106671,
			0.0159737,
			0.0915421,
			0.0929441,
			0.162028,
			0.013892,
			0.0505145,
			0.0118121,
			0.0751743,
			0.0385457,
			0.191389,
			0.103177,
			0.160959,
			0.286827,
			0.262503,
			0.204961,
			0.238274,
			0.0091528,
			0.322177,
			0.0233933,
			0,
			0.0124986,
			0.0519274,
			0.0408132,
			0.422637,
			0.29786,
			0.128122,
			0.302764,
			0.296748,
			0.227535,
			0.0253217,
			0.25098,
			0.032047,
			0.0370358,
			0.0207428,
			0.0885956,
			0.0563821,
			0.0270479,
			0.0508302,
			0.0843267,
			0.015995,
			0.142981,
			0.187662,
			0.0163272,
			0.192457,
			0.0657678,
			0.316738,
			0.116932,
			0.0918354,
			0.116442,
			0.0162287,
			0.378185,
			0.313954,
			0.0228092,
			0.111602,
			0.31038,
			0.036357,
			0.142909,
			0.0546481,
			0.0253911,
			0.0125498,
			0.00859765,
			0.0642322,
			0.0286952,
			0.250965,
			0.0451331,
			0.0565893,
			0.320506,
			0.137291,
			0.0365817,
			0.227329,
			0.131123,
			0.0302937,
			0.034289,
			0.00863131,
			0.441012,
			0.11141,
			0.249784,
			0.146925,
			0.0788606,
			0.0353987,
			0.00930644,
			0.0552718,
			0.178835,
			0.135907,
			0.0419587,
			0.109567,
			0.187076,
			0.107795,
			0.0469339,
			0.0307431,
			0.139725,
			0.0125288,
			0.145394,
			0.169522,
			0.0736838,
			0.41594,
			0.00847592
		],
		[
			0.00693364,
			0.264651,
			0.103124,
			0.0233778,
			0.10414,
			0.0880692,
			0.17496,
			0.0158476,
			0.0588507,
			0.00955131,
			0.0910221,
			0.0378609,
			0.20394,
			0.110693,
			0.171013,
			0.296623,
			0.265722,
			0.213184,
			0.258491,
			0.00506886,
			0.340412,
			0.0306169,
			0.0124986,
			0,
			0.0481392,
			0.0312225,
			0.437894,
			0.303139,
			0.138481,
			0.311731,
			0.313138,
			0.240938,
			0.0181219,
			0.260421,
			0.0358688,
			0.0416906,
			0.0157368,
			0.0884116,
			0.0597783,
			0.0272665,
			0.0591832,
			0.0960141,
			0.0135545,
			0.153379,
			0.196383,
			0.0117078,
			0.210273,
			0.0672372,
			0.317115,
			0.124302,
			0.101897,
			0.130867,
			0.0115586,
			0.397644,
			0.332197,
			0.0220983,
			0.119139,
			0.321704,
			0.0396661,
			0.153788,
			0.0637925,
			0.0240135,
			0.0125648,
			0.00751256,
			0.073204,
			0.0296238,
			0.260239,
			0.0536818,
			0.0522291,
			0.334439,
			0.138256,
			0.0353379,
			0.235758,
			0.141489,
			0.0345064,
			0.0373189,
			0.00537783,
			0.453498,
			0.109109,
			0.267469,
			0.160324,
			0.0749283,
			0.0426516,
			0.00529064,
			0.0594596,
			0.185614,
			0.143917,
			0.0316452,
			0.11502,
			0.190694,
			0.118524,
			0.0522767,
			0.0295526,
			0.14562,
			0.00816011,
			0.161679,
			0.177671,
			0.0784452,
			0.43333,
			0.00717957
		],
		[
			0.0494433,
			0.261067,
			0.109472,
			0.0557172,
			0.10015,
			0.115658,
			0.151042,
			0.0412066,
			0.0538145,
			0.0477869,
			0.100418,
			0.0615668,
			0.199206,
			0.0818689,
			0.173387,
			0.2691,
			0.263565,
			0.194849,
			0.225239,
			0.0501998,
			0.323441,
			0.0573338,
			0.0519274,
			0.0481392,
			0,
			0.081085,
			0.421356,
			0.295201,
			0.13097,
			0.293939,
			0.302042,
			0.230321,
			0.0637919,
			0.244262,
			0.053236,
			0.0498731,
			0.0570258,
			0.0771435,
			0.0683423,
			0.0346392,
			0.0608304,
			0.0857156,
			0.0529797,
			0.147626,
			0.186267,
			0.0367894,
			0.18934,
			0.0760537,
			0.295721,
			0.108895,
			0.119796,
			0.119684,
			0.0485783,
			0.358989,
			0.330712,
			0.0557843,
			0.103973,
			0.317099,
			0.0602646,
			0.156055,
			0.0748605,
			0.0309299,
			0.0504504,
			0.0475541,
			0.0787941,
			0.0579033,
			0.218106,
			0.0791578,
			0.0978477,
			0.306066,
			0.135115,
			0.0540476,
			0.219929,
			0.132604,
			0.0624137,
			0.0391358,
			0.0501511,
			0.436194,
			0.114008,
			0.236857,
			0.140944,
			0.0810635,
			0.067599,
			0.0494812,
			0.0472539,
			0.173381,
			0.157055,
			0.0814027,
			0.0974458,
			0.198396,
			0.0913489,
			0.0764101,
			0.0570678,
			0.146601,
			0.0511791,
			0.166893,
			0.175444,
			0.0655827,
			0.401998,
			0.0482848
		],
		[
			0.0350655,
			0.25129,
			0.110178,
			0.0515883,
			0.1196,
			0.0779135,
			0.203167,
			0.0432436,
			0.0886839,
			0.0359862,
			0.101212,
			0.0680656,
			0.216694,
			0.144919,
			0.169977,
			0.297686,
			0.260059,
			0.222557,
			0.263108,
			0.0328674,
			0.375968,
			0.062448,
			0.0408132,
			0.0312225,
			0.081085,
			0,
			0.426962,
			0.280843,
			0.148161,
			0.31222,
			0.305546,
			0.264811,
			0.023433,
			0.25061,
			0.0631765,
			0.0718506,
			0.0278672,
			0.114417,
			0.087063,
			0.0571542,
			0.0848086,
			0.126085,
			0.0408758,
			0.153214,
			0.179763,
			0.0369632,
			0.214596,
			0.0920626,
			0.284415,
			0.143739,
			0.110315,
			0.16435,
			0.033995,
			0.421972,
			0.318261,
			0.0498837,
			0.127598,
			0.305166,
			0.0668584,
			0.170596,
			0.0785934,
			0.0544779,
			0.0330434,
			0.0352942,
			0.0938805,
			0.0586325,
			0.284172,
			0.0757381,
			0.0435905,
			0.333982,
			0.155225,
			0.069594,
			0.224381,
			0.148845,
			0.0589175,
			0.0672648,
			0.0320508,
			0.444756,
			0.105191,
			0.288378,
			0.187851,
			0.0683372,
			0.0598861,
			0.0315987,
			0.0854119,
			0.185062,
			0.160972,
			0.0318524,
			0.145453,
			0.172646,
			0.152678,
			0.0756635,
			0.0637501,
			0.130924,
			0.0276829,
			0.167252,
			0.174938,
			0.108819,
			0.428016,
			0.0343778
		],
		[
			0.444544,
			0.414068,
			0.371982,
			0.440083,
			0.384496,
			0.379395,
			0.41178,
			0.435042,
			0.376853,
			0.434306,
			0.379257,
			0.385763,
			0.385266,
			0.408727,
			0.390294,
			0.445547,
			0.454311,
			0.405456,
			0.41927,
			0.453684,
			0.515981,
			0.392595,
			0.422637,
			0.437894,
			0.421356,
			0.426962,
			0,
			0.438012,
			0.37394,
			0.424229,
			0.465976,
			0.448881,
			0.431899,
			0.430957,
			0.404695,
			0.395734,
			0.425246,
			0.418316,
			0.405741,
			0.414926,
			0.388106,
			0.414437,
			0.414971,
			0.393764,
			0.404365,
			0.424886,
			0.382587,
			0.395217,
			0.416359,
			0.385456,
			0.384742,
			0.381271,
			0.441038,
			0.54214,
			0.465438,
			0.422953,
			0.373832,
			0.482331,
			0.403331,
			0.403684,
			0.403511,
			0.415434,
			0.423638,
			0.441626,
			0.363712,
			0.404945,
			0.461711,
			0.410064,
			0.427679,
			0.472508,
			0.395568,
			0.397827,
			0.415713,
			0.363014,
			0.412989,
			0.411211,
			0.452899,
			0.555212,
			0.397547,
			0.458869,
			0.408033,
			0.376395,
			0.407196,
			0.450953,
			0.40984,
			0.42592,
			0.41685,
			0.430164,
			0.409212,
			0.383068,
			0.401962,
			0.398861,
			0.396064,
			0.391407,
			0.443409,
			0.407023,
			0.380493,
			0.403655,
			0.542478,
			0.439982
		],
		[
			0.312385,
			0.321755,
			0.262162,
			0.308271,
			0.275762,
			0.270708,
			0.308547,
			0.298942,
			0.277164,
			0.295831,
			0.266485,
			0.292371,
			0.307041,
			0.29762,
			0.315927,
			0.388855,
			0.316046,
			0.308255,
			0.358035,
			0.315249,
			0.423333,
			0.288582,
			0.29786,
			0.303139,
			0.295201,
			0.280843,
			0.438012,
			0,
			0.272391,
			0.381311,
			0.37189,
			0.353078,
			0.28438,
			0.334934,
			0.296917,
			0.274981,
			0.288694,
			0.291186,
			0.275006,
			0.288692,
			0.283601,
			0.292126,
			0.281139,
			0.285945,
			0.290463,
			0.291296,
			0.294275,
			0.282665,
			0.351953,
			0.288177,
			0.272363,
			0.299863,
			0.299952,
			0.494414,
			0.40044,
			0.296951,
			0.279418,
			0.382699,
			0.274306,
			0.288774,
			0.274389,
			0.283718,
			0.291533,
			0.3065,
			0.248629,
			0.296223,
			0.352246,
			0.281506,
			0.278197,
			0.382899,
			0.281194,
			0.30097,
			0.326307,
			0.266488,
			0.271003,
			0.293061,
			0.313405,
			0.453107,
			0.257586,
			0.335741,
			0.3001,
			0.25799,
			0.284025,
			0.312165,
			0.295067,
			0.292656,
			0.295783,
			0.288719,
			0.322857,
			0.287755,
			0.307522,
			0.261664,
			0.29141,
			0.26955,
			0.302584,
			0.300018,
			0.271163,
			0.299028,
			0.467594,
			0.308084
		],
		[
			0.135403,
			0.225124,
			0.16489,
			0.1453,
			0.139888,
			0.12971,
			0.165078,
			0.140501,
			0.126162,
			0.135862,
			0.125509,
			0.123416,
			0.203969,
			0.142555,
			0.164395,
			0.262952,
			0.246036,
			0.1909,
			0.227494,
			0.144681,
			0.306796,
			0.124765,
			0.128122,
			0.138481,
			0.13097,
			0.148161,
			0.37394,
			0.272391,
			0,
			0.271766,
			0.257444,
			0.237675,
			0.136428,
			0.215599,
			0.131035,
			0.108144,
			0.126308,
			0.137722,
			0.12051,
			0.124526,
			0.127724,
			0.140326,
			0.128076,
			0.158546,
			0.190586,
			0.131392,
			0.195001,
			0.111148,
			0.283744,
			0.137748,
			0.12368,
			0.153972,
			0.129925,
			0.363813,
			0.280491,
			0.119982,
			0.120463,
			0.267788,
			0.115838,
			0.147598,
			0.126635,
			0.11748,
			0.133231,
			0.134648,
			0.122875,
			0.122601,
			0.238368,
			0.136031,
			0.146495,
			0.272648,
			0.162432,
			0.131991,
			0.20201,
			0.15238,
			0.13379,
			0.126625,
			0.143415,
			0.397545,
			0.121761,
			0.235396,
			0.178591,
			0.132188,
			0.133169,
			0.142649,
			0.130018,
			0.174589,
			0.165875,
			0.157263,
			0.149512,
			0.193432,
			0.147169,
			0.131838,
			0.125158,
			0.166941,
			0.143806,
			0.164985,
			0.168966,
			0.127722,
			0.369565,
			0.139069
		],
		[
			0.315026,
			0.330898,
			0.282015,
			0.318326,
			0.291623,
			0.283175,
			0.292703,
			0.311894,
			0.269635,
			0.306731,
			0.263527,
			0.277996,
			0.271286,
			0.296662,
			0.2995,
			0.349611,
			0.361216,
			0.303851,
			0.324319,
			0.323319,
			0.406183,
			0.275036,
			0.302764,
			0.311731,
			0.293939,
			0.31222,
			0.424229,
			0.381311,
			0.271766,
			0,
			0.379918,
			0.324858,
			0.313235,
			0.344465,
			0.28104,
			0.286345,
			0.30696,
			0.307033,
			0.266737,
			0.296012,
			0.258184,
			0.297002,
			0.290452,
			0.29901,
			0.315156,
			0.294383,
			0.295931,
			0.292273,
			0.379598,
			0.277588,
			0.266539,
			0.282494,
			0.320485,
			0.450242,
			0.417192,
			0.303506,
			0.299735,
			0.42154,
			0.268338,
			0.286011,
			0.293057,
			0.288197,
			0.305309,
			0.311952,
			0.255268,
			0.289744,
			0.365804,
			0.275921,
			0.31227,
			0.382652,
			0.296737,
			0.282486,
			0.319585,
			0.258534,
			0.28561,
			0.287464,
			0.322458,
			0.482037,
			0.269721,
			0.341413,
			0.319192,
			0.283596,
			0.292117,
			0.321213,
			0.296623,
			0.305169,
			0.281427,
			0.323305,
			0.321934,
			0.304509,
			0.31553,
			0.280136,
			0.268038,
			0.292574,
			0.313553,
			0.300748,
			0.291015,
			0.289582,
			0.446218,
			0.309465
		],
		[
			0.313493,
			0.33509,
			0.29571,
			0.309201,
			0.275801,
			0.284266,
			0.310863,
			0.300709,
			0.279687,
			0.301377,
			0.26473,
			0.302099,
			0.30703,
			0.31568,
			0.280859,
			0.359929,
			0.346607,
			0.307071,
			0.364827,
			0.319181,
			0.427634,
			0.283732,
			0.296748,
			0.313138,
			0.302042,
			0.305546,
			0.465976,
			0.37189,
			0.257444,
			0.379918,
			0,
			0.34802,
			0.30025,
			0.312681,
			0.296671,
			0.279035,
			0.289124,
