# Created by Octave 3.2.4, Tue Sep 17 15:51:25 2013 MSK <alexeyche@alexeyche-lat>
# name: patternPeriod
# type: matrix
# rows: 1519
# columns: 2
 1.75 1.8
 2.05 2.1
 2.7 2.75
 5.75 5.800000000000001
 6.050000000000001 6.100000000000001
 6.45 6.5
 6.550000000000001 6.600000000000001
 6.95 7
 7.45 7.5
 8.050000000000001 8.1
 8.950000000000001 9
 9.15 9.200000000000001
 9.9 9.950000000000001
 10.6 10.65
 11.95 12
 13.15 13.2
 13.25 13.3
 13.6 13.65
 14.2 14.25
 14.6 14.65
 15.1 15.15
 15.3 15.35
 16.4 16.45
 16.6 16.65
 16.7 16.75
 17.45 17.5
 17.95 18
 19.35 19.4
 19.8 19.85
 20 20.05
 20.15 20.2
 20.25 20.3
 21.7 21.75
 21.95 22
 22.3 22.35
 22.6 22.65
 22.7 22.75
 23.3 23.35
 23.5 23.55
 25.2 25.25
 25.3 25.35
 26.55 26.6
 26.75 26.8
 27 27.05
 27.1 27.15
 27.25 27.3
 27.4 27.45
 27.6 27.65
 28 28.05
 28.15 28.2
 29.6 29.65
 29.75 29.8
 29.85 29.9
 29.95 30
 30.55 30.6
 31.9 31.95
 32.1 32.15
 32.95 33
 33.55 33.6
 35.35 35.4
 35.55 35.6
 35.7 35.75
 35.9 35.95
 36.05 36.1
 36.35 36.4
 36.45 36.5
 38 38.05
 38.3 38.35
 39.45 39.5
 39.6 39.65000000000001
 40.45 40.5
 40.55 40.6
 41.25 41.3
 41.40000000000001 41.45
 41.6 41.65000000000001
 42.2 42.25
 42.45 42.5
 45 45.05
 45.3 45.35
 46.3 46.35
 47.1 47.15000000000001
 47.2 47.25
 47.95 48
 48.1 48.15000000000001
 48.2 48.25
 48.40000000000001 48.45
 48.5 48.55
 49.45 49.5
 49.7 49.75
 50.25 50.3
 50.6 50.65000000000001
 51.15000000000001 51.2
 51.3 51.35
 52.5 52.55
 52.65000000000001 52.7
 53.90000000000001 53.95
 54.45 54.5
 54.6 54.65000000000001
 57 57.05
 57.7 57.75
 58.65000000000001 58.7
 58.75 58.8
 59.2 59.25
 59.55 59.6
 59.75 59.8
 59.95 60
 60.2 60.25
 60.90000000000001 60.95
 61.25 61.3
 61.40000000000001 61.45
 62.45 62.5
 62.65000000000001 62.7
 62.85 62.90000000000001
 63.6 63.65000000000001
 64.15000000000001 64.2
 64.3 64.35000000000001
 64.55 64.60000000000001
 64.75 64.8
 65.05 65.10000000000001
 65.15000000000001 65.2
 65.60000000000001 65.65000000000001
 66.15000000000001 66.2
 66.45 66.5
 66.55 66.60000000000001
 67.15000000000001 67.2
 67.40000000000001 67.45
 68.2 68.25
 68.8 68.85000000000001
 68.95 69
 69.2 69.25
 69.40000000000001 69.45
 69.8 69.85000000000001
 70.25 70.3
 71.10000000000001 71.15000000000001
 71.35000000000001 71.40000000000001
 71.7 71.75
 71.85000000000001 71.90000000000001
 73.75 73.8
 75.8 75.85000000000001
 76.60000000000001 76.65000000000001
 77.30000000000001 77.35000000000001
 77.95 78
 79.2 79.25
 79.30000000000001 79.35000000000001
 80.05000000000001 80.10000000000001
 80.65000000000001 80.7
 81.15000000000001 81.2
 83.95 84
 84.40000000000001 84.45
 84.55000000000001 84.60000000000001
 84.95 85
 85.15000000000001 85.2
 87.5 87.55000000000001
 87.65000000000001 87.7
 88.7 88.75
 90.35000000000001 90.40000000000001
 91.95 92
 92.35000000000001 92.40000000000001
 92.75 92.80000000000001
 92.95 93
 93.40000000000001 93.45
 94.35000000000001 94.40000000000001
 94.65000000000001 94.7
 95.10000000000001 95.15000000000001
 95.80000000000001 95.85000000000001
 96.25 96.30000000000001
 98 98.05000000000001
 98.65000000000001 98.7
 99.05000000000001 99.10000000000001
 99.55000000000001 99.60000000000001
 100.85 100.9
 101.35 101.4
 101.9 101.95
 102.95 103
 103.4 103.45
 104.25 104.3
 104.45 104.5
 104.9 104.95
 107.1 107.15
 107.35 107.4
 107.65 107.7
 108.1 108.15
 108.25 108.3
 109 109.05
 109.8 109.85
 109.95 110
 110.95 111
 112.35 112.4
 112.45 112.5
 112.55 112.6
 113.25 113.3
 113.45 113.5
 113.95 114
 114.65 114.7
 114.8 114.85
 114.95 115
 115.05 115.1
 115.7 115.75
 116.35 116.4
 116.7 116.75
 117.6 117.65
 117.95 118
 118.35 118.4
 118.8 118.85
 119.35 119.4
 122.15 122.2
 122.45 122.5
 123.05 123.1
 124.25 124.3
 125.5 125.55
 125.85 125.9
 126.5 126.55
 126.75 126.8
 126.95 127
 127.85 127.9
 128.6 128.65
 129.25 129.3
 131.05 131.1
 131.55 131.6
 132.6 132.65
 133.5 133.55
 134.8 134.85
 135.75 135.8
 136.3 136.35
 136.85 136.9
 137.1 137.15
 138.65 138.7
 139.15 139.2
 139.75 139.8
 140.05 140.1
 141.5 141.55
 141.9 141.95
 143.6 143.65
 145.1 145.15
 145.4 145.45
 145.9 145.95
 146.2 146.25
 146.35 146.4
 146.8 146.85
 146.9 146.95
 147.15 147.2
 147.6 147.65
 147.7 147.75
 149.2 149.25
 149.4 149.45
 149.85 149.9
 150.05 150.1
 150.65 150.7
 151.15 151.2
 151.4 151.45
 151.95 152
 152.2 152.25
 152.3 152.35
 152.4 152.45
 152.9 152.95
 153 153.05
 153.85 153.9
 154 154.05
 155.05 155.1
 156.7 156.75
 157.15 157.2
 157.45 157.5
 158.45 158.5
 159.45 159.5
 160.1 160.15
 160.8 160.85
 161 161.05
 161.9 161.95
 162.6 162.65
 163.25 163.3
 163.45 163.5
 164.9 164.95
 165.1 165.15
 165.35 165.4
 166.75 166.8
 168.9 168.95
 170.7 170.75
 170.95 171
 172.3 172.35
 173.05 173.1
 173.25 173.3
 173.4 173.45
 173.6 173.65
 174.45 174.5
 174.85 174.9
 177.25 177.3
 177.35 177.4
 179.1 179.15
 179.7 179.75
 180 180.05
 180.8 180.85
 181.45 181.5
 183.15 183.2
 184.6 184.65
 184.95 185
 185.9 185.95
 186 186.05
 186.9 186.95
 187.05 187.1
 187.65 187.7
 188.15 188.2
 188.25 188.3
 189.65 189.7
 190.1 190.15
 191.4 191.45
 191.95 192
 193.45 193.5
 193.6 193.65
 194.8 194.85
 195.4 195.45
 195.8 195.85
 195.95 196
 196.1 196.15
 197.65 197.7
 198.5 198.55
 199.9 199.95
 200.2 200.25
 200.4 200.45
 200.6 200.65
 201.25 201.3
 201.6 201.65
 202.65 202.7
 202.95 203
 203.35 203.4
 205.4 205.45
 207.3 207.35
 207.55 207.6
 208.1 208.15
 208.6 208.65
 208.9 208.95
 209.75 209.8
 210.05 210.1
 210.3 210.35
 210.65 210.7
 210.95 211
 211.8 211.85
 212.25 212.3
 212.7 212.75
 213.35 213.4
 214.65 214.7
 215.35 215.4
 216.85 216.9
 217.3 217.35
 217.75 217.8
 219.6 219.65
 221.2 221.25
 222.1 222.15
 222.3 222.35
 223.05 223.1
 224.1 224.15
 224.85 224.9
 225.15 225.2
 225.6 225.65
 226 226.05
 227.8 227.85
 228.05 228.1
 228.25 228.3
 228.35 228.4
 228.85 228.9
 229 229.05
 229.35 229.4
 229.65 229.7
 230.4 230.45
 231.45 231.5
 234.1 234.15
 234.35 234.4
 235.2 235.25
 235.7 235.75
 235.85 235.9
 236.1 236.15
 237.2 237.25
 237.75 237.8
 238.5 238.55
 239.9 239.95
 240.3 240.35
 242.25 242.3
 242.45 242.5
 243.05 243.1
 243.85 243.9
 244.1 244.15
 244.85 244.9
 245.25 245.3
 245.9 245.95
 246.2 246.25
 246.6 246.65
 247.35 247.4
 247.85 247.9
 248.7 248.75
 249.05 249.1
 249.3 249.35
 249.7 249.75
 250.25 250.3
 250.5 250.55
 250.65 250.7
 250.75 250.8
 251.05 251.1
 251.3 251.35
 252.05 252.1
 252.6 252.65
 252.75 252.8
 253.15 253.2
 253.25 253.3
 253.75 253.8
 254.5 254.55
 255.1 255.15
 255.55 255.6
 257.25 257.3
 257.65 257.7
 257.9 257.95
 259.5 259.55
 259.6 259.65
 259.95 260
 260.15 260.2
 260.8 260.85
 260.9 260.95
 262.05 262.1
 262.8 262.85
 263.15 263.2
 265.1 265.15
 265.35 265.4
 266.8 266.85
 267.95 268
 268.2 268.25
 268.45 268.5
 269.2 269.25
 269.75 269.8
 272.2 272.25
 273.45 273.5
 273.6 273.65
 275.4 275.45
 275.65 275.7
 276.35 276.4
 277.2 277.25
 277.75 277.8
 278.4 278.45
 279.05 279.1
 279.9 279.95
 280.3 280.35
 281.55 281.6
 281.7 281.75
 281.8 281.85
 282 282.05
 282.4 282.45
 282.65 282.7
 282.75 282.8
 283.1 283.15
 283.55 283.6
 287.05 287.1
 287.3 287.35
 287.7 287.75
 288.7 288.75
 288.8 288.85
 289 289.05
 289.25 289.3
 289.35 289.4
 289.45 289.5
 289.65 289.7
 290 290.05
 290.4 290.45
 290.7 290.75
 290.8 290.85
 291.35 291.4
 291.95 292
 292.15 292.2
 292.8 292.85
 294 294.05
 294.1 294.15
 294.7 294.75
 296.25 296.3
 296.8 296.85
 297.55 297.6
 299.95 300
 300.3 300.35
 302.05 302.1
 302.2 302.25
 304.1 304.15
 304.7 304.75
 305.4 305.45
 306.05 306.1
 306.15 306.2
 306.25 306.3
 308.2 308.25
 309.15 309.2
 310.15 310.2
 310.9 310.95
 312 312.05
 312.2 312.25
 312.8 312.85
 314.2 314.25
 314.85 314.9
 315.1 315.15
 315.6 315.65
 315.75 315.8
 316.45 316.5
 316.55 316.6
 317.7 317.75
 317.85 317.9
 318.15 318.2
 318.7 318.75
 318.8 318.85
 320.1 320.15
 320.35 320.4
 320.6 320.65
 321.3 321.35
 322.8 322.85
 323.15 323.2
 324.95 325
 325.4 325.45
 325.9 325.95
 326.05 326.1
 328.45 328.5
 329 329.05
 329.65 329.7
 329.75 329.8
 329.95 330
 331.2 331.25
 331.95 332
 332.05 332.1
 333.05 333.1
 335.15 335.2
 335.65 335.7
