# Created by Octave 3.2.4, Tue Sep 17 15:51:25 2013 MSK <alexeyche@alexeyche-lat>
# name: realValuedPattern
# type: matrix
# rows: 1
# columns: 500
 0.1691030851748186 NaN 0.6708482180389544 0.2436031933779959 0.7410841051218949 0.09638658520594381 0.2799729255561225 0.09458955794957008 0.3149412532401606 NaN 0.8343148890176961 0.09100729195672967 NaN 0.2168784344429833 0.3289143088820283 0.1925598167910822 0.7060746484309416 NaN 0.1387205678689077 0.5664956036018506 0.03299825257648143 NaN NaN 0.6773906836625556 0.5955355672854238 0.2052215352650721 0.5316797946421402 0.5170334163289056 0.552253680090562 NaN NaN 0.4897604280464907 NaN 0.2775945602936303 0.9382908437737171 NaN 0.2087122989258183 0.05154082688211654 0.4151437272653796 0.4897442310390943 0.4618016132717375 0.3126727943915041 NaN 0.2299378658456417 0.2034474290354936 NaN 0.3600081497719632 0.5553592952859043 0.3847964844799909 0.4541304219611747 0.9385122886495165 0.01967565169770818 NaN 0.03974832086455907 NaN NaN 0.2222107485672727 0.8542110938912845 NaN NaN 0.4355237981272138 NaN 0.6859004909365535 NaN 0.01183460477305425 NaN 0.3125236776330044 0.3965441728815353 0.3912637499963962 NaN 0.5161876513269149 NaN 0.7515702205574976 0.5636767282356616 NaN NaN 0.1771415867907293 0.5787472498599379 0.2989798157444914 NaN NaN NaN 0.04800466593477373 NaN NaN 0.05455562510335021 0.946705519436923 0.4295024097317841 NaN NaN NaN 0.4503588165517424 0.1330476334114333 0.9106390449886281 0.8717319997601739 NaN 0.8088898722670593 NaN 0.63946778785207 0.5773128412873103 NaN 0.7616568073587282 0.2077440688887482 0.0005798086011948693 0.3208192880841922 0.3878486846356614 NaN 0.3322274578200099 0.1951254857239816 NaN 0.4319136706989266 0.02171897180308692 0.1578965590172276 NaN NaN 0.791911311793542 0.1492428553474921 0.6522633733948693 NaN 0.1371220189741481 NaN NaN 0.3841977157054826 0.06353763580653247 0.2888363071366015 0.3391751727413182 0.6200290998280183 0.5325166750311005 NaN NaN 0.2361994613464465 0.4771682607252609 NaN 0.01825147942050134 0.9293962781429452 NaN 0.7380092645307754 NaN NaN 0.6480777742135949 0.9083990868664715 0.8801478056085873 0.09578698362074187 0.02405762015046734 0.7358740733474511 0.8520600935713238 0.3082236246284025 0.02576865680165982 NaN 0.2878559918641038 NaN 0.9318919205439283 0.8017478607825421 0.5363337028536287 0.9987720496360133 NaN 0.2521860379398987 NaN NaN 0.1466699619471407 0.3902007531849792 0.9214198593822059 NaN 0.05344154627514403 NaN NaN 0.9727765252596505 NaN 0.01137455670587731 0.9016314974886328 0.1304998975084754 0.6962702693472561 0.400375853389053 0.4946724410358286 NaN 0.03815216247209103 NaN NaN 0.243133821773095 0.2143629885623108 NaN 0.1405326281721447 NaN NaN NaN 0.1696564757654417 NaN NaN 0.4214669649832242 0.1041496081201457 0.3877656367928715 0.09895802943680999 0.6247106957473393 0.1915278645026513 0.9452848014706574 0.1609711779057314 NaN 0.6795248140456831 NaN 0.1509584545958033 0.8963087888303658 NaN 0.4447494376875052 NaN 0.1864010426385029 NaN 0.8725943648124118 0.1469638534164357 0.01338323306418832 0.95015002875318 0.7531324375864764 NaN 0.4822374806800968 0.5993950024797404 0.958639742823886 0.7126976974891531 0.7610226443550328 NaN NaN 0.3819493555129769 NaN 0.09235290690698725 0.6558373126179184 0.2457546330236176 0.2788991272861457 0.2362810613806886 NaN 0.0679688434417223 0.558971549837777 NaN 0.1991899738378159 NaN NaN 0.8533857753578974 0.08025543189875824 NaN 0.2564176285938515 0.8058264147461961 NaN 0.08416196398728701 NaN NaN NaN NaN NaN 0.02601188178141318 0.1126815918475392 NaN 0.3948825827822866 NaN 0.9966059947686717 0.5027776993929891 NaN NaN 0.04168536648597414 0.03405405247541263 0.7478771044310772 0.06493663321049943 0.007073167364066537 0.5432637956800498 0.1079468415948075 NaN 0.2812250794796815 0.8680117034216744 NaN NaN NaN NaN 0.866949047976485 0.299918202996187 0.8623027991353505 NaN 0.8101054573444916 0.05241821219496783 0.8949544254242761 0.3172063156402719 NaN NaN 0.7531359768513901 NaN 0.5830709423130997 0.8070678209901577 0.2644334380637576 NaN 0.7908768155194098 0.7712485057941694 0.7271425540130961 NaN 0.3581163940383109 NaN 0.2631400278884446 NaN 0.3477236366964302 0.3883443882718341 0.2718152678080981 0.01611399879795511 0.1236172505516978 NaN 0.6422603421157314 0.9257478471821764 NaN NaN 0.28074240168671 0.2328953564272575 NaN 0.6345284512806862 0.08340542676903062 0.8798855157661869 0.654245552536574 0.4665859735222456 0.889637841066665 0.9077947338256579 0.2380320555156976 0.98938757504865 NaN 0.3609240572380616 0.5258335569142306 0.4030803747001977 0.7493671675977218 0.7408359307188411 NaN 0.4276271608860479 NaN 0.2940896369172858 0.4761952453498972 0.75177495225076 0.6408811202201945 0.1425896941273605 NaN NaN 0.4766225999465279 NaN 0.2855324723174289 NaN 0.7745852544596428 NaN 0.863437659857856 0.8045438879792884 0.6459547298603638 0.09387956632159634 0.9444969894095369 0.9427979237991509 NaN 0.06183854871903876 0.9458544739694238 NaN NaN NaN 0.4493015975497203 0.4930186527365235 0.6691989413146222 0.1307268103691137 0.7802436703088595 0.6614076545879973 0.7129375979214604 NaN NaN NaN NaN NaN 0.4236887905132048 0.2399345525027792 0.08186980289060124 NaN 0.1246201473213804 0.7858231860135162 NaN NaN 0.9977607834546118 0.6452820093778087 NaN 0.3965035610134016 0.1508294020425647 NaN 0.3390028895063447 0.06808243593471269 0.7745067939408257 NaN 0.2119530422293071 NaN NaN NaN 0.2673026518773078 0.08421439234709724 0.8511221260363324 0.1871269721137407 NaN 0.7133224351448167 0.1380069450507623 0.8327686629304262 NaN 0.6141960885567104 NaN 0.8169350344322688 0.6233132808087786 NaN NaN 0.2439923398837952 0.3107664704675994 NaN 0.306411806609007 0.663038900582031 0.4381996422795179 0.3047829720255442 0.3932172635554229 NaN 0.1841633882598298 0.6574841399405018 NaN 0.4644005988044843 NaN 0.2110311676417454 0.5354070410626574 NaN 0.9274000835945285 NaN 0.2678263547355674 0.362838560242109 0.3112092235678439 0.5258917997993066 NaN 0.1816012912269961 0.7861336789180797 NaN 0.4265405123373249 0.04779848142216488 0.1651331209374914 0.5036745983473194 0.2416019260398549 NaN NaN 0.3195713220165285 0.8182681021007888 0.4188068458173204 0.3981149183592639 NaN 0.6170878323765734 NaN 0.4654859222926191 NaN NaN 0.4248362123679865 NaN 0.02830354869719534 NaN 0.8319193002256527 NaN NaN 0.01329213157137391 0.8933449260140858 0.6323594123371737 0.7707848061905015 0.08174403039509975 NaN NaN 0.1405808474606394 NaN NaN 0.1741908330504296 NaN 0.2150923326017934 0.2386615956052128 NaN 0.07510138704909425 0.781952596046215 0.5075478134163228 0.2158022447475602 0.06996869425605091 NaN NaN NaN NaN NaN 0.3072051258139843 NaN 0.7086402738512368 NaN 0.104758854617975 NaN 0.3756485872019786 0.3265785399871233 0.7011691984419297 0.3011611723022227 0.3845963054853566 NaN 0.3767161262214669 0.6362527990086617 0.02178094048377032 0.5690936484920581 0.0319673678775108 NaN 0.08734426579987846 0.2911615714209456 0.2029009343589992 0.4688633597547681 0.2448967183867634 NaN NaN NaN 0.07323188226505441
