# Created by Octave 3.2.4, Thu Jun 20 19:28:15 2013 MSK <alexeyche@alexeyche-lat>
# name: pattern
# type: matrix
# rows: 502
# columns: 4
 1 0.008455154258740933 0.01 1
 1 0.02231175673781265 0.01 1
 3 0.03354241090194773 0.01 1
 4 0.01218015966889979 0.01 1
 5 0.03705420525609475 0.01 1
 6 0.004819329260297191 0.01 1
 6 0.03901018573683993 0.01 1
 7 0.01399864627780612 0.01 1
 7 0.03803214216320921 0.01 1
 8 0.004729477897478504 0.01 1
 8 0.005597698727017354 0.01 1
 8 0.01612034246124105 0.01 1
 8 0.02126818222674944 0.01 1
 9 0.01574706266200803 0.01 1
 9 0.0210796696916564 0.01 1
 9 0.04007071234101674 0.01 1
 11 0.04171574445088481 0.01 1
 12 0.004550364597836484 0.01 1
 12 0.00624856118730952 0.01 1
 12 0.04325947580661894 0.01 1
 14 0.01084392172214917 0.01 1
 14 0.04085415690566693 0.01 1
 15 0.01644571544410142 0.01 1
 16 0.00962799083955411 0.01 1
 16 0.02978988026851213 0.01 1
 17 0.03530373242154708 0.01 1
 17 0.04240479747094665 0.01 1
 19 0.006936028393445384 0.01 1
 20 0.02832478018009253 0.01 1
 21 0.001649912628824072 0.01 1
 21 0.0126087672051693 0.01 1
 24 0.03386953418312778 0.01 1
 24 0.03734594433711063 0.01 1
 25 0.02977677836427119 0.01 1
 25 0.04714403633325417 0.01 1
 26 0.01026107676325361 0.01 1
 26 0.04104413072319726 0.01 1
 26 0.04288570481460598 0.01 1
 27 0.02658398973210701 0.01 1
 28 0.02585167081644528 0.01 1
 29 0.0276126840045281 0.01 1
 32 0.02448802140232453 0.01 1
 32 0.0455175128391514 0.01 1
 34 0.01387972801468152 0.01 1
 34 0.02045523580270124 0.01 1
 34 0.02444090220186019 0.01 1
 34 0.03301234373986894 0.01 1
 34 0.03838196592907841 0.01 1
 34 0.04238380249005527 0.01 1
 35 0.04691454218868586 0.01 1
 37 0.01043561494629092 0.01 1
 37 0.01859180790981436 0.01 1
 37 0.02413620904135733 0.01 1
 38 0.002577041344105827 0.01 1
 38 0.02983969920850246 0.01 1
 39 0.02075718636326898 0.01 1
 39 0.02094464536561234 0.01 1
 39 0.02528024093290274 0.01 1
 39 0.0368563508926011 0.01 1
 40 0.02448721155195471 0.01 1
 41 0.02309008066358688 0.01 1
 41 0.0315064231791075 0.01 1
 42 0.01563363971957521 0.01 1
 44 0.01149689329228209 0.01 1
 45 0.01017237145177468 0.01 1
 47 0.01800040748859816 0.01 1
 48 0.02776796476429522 0.01 1
 48 0.03248261881708127 0.01 1
 49 0.01923982422399954 0.01 1
 50 0.02270652109805874 0.01 1
 50 0.04772237128037403 0.01 1
 51 0.04692561443247583 0.01 1
 52 0.0009837825848854091 0.01 1
 54 0.001987416043227954 0.01 1
 57 0.01111053742836363 0.01 1
 57 0.01436578304265728 0.01 1
 58 0.04271055469456422 0.01 1
 61 0.02177618990636069 0.01 1
 63 0.03429502454682767 0.01 1
 65 0.0005917302386527126 0.01 1
 67 0.01562618388165022 0.01 1
 67 0.0244435618054967 0.01 1
 67 0.02869520701503084 0.01 1
 68 0.01982720864407676 0.01 1
 68 0.02152837782082513 0.01 1
 69 0.01956318749981981 0.01 1
 69 0.02795900250338201 0.01 1
 71 0.02580938256634575 0.01 1
 73 0.03757851102787488 0.01 1
 74 0.02818383641178308 0.01 1
 77 0.008857079339536467 0.01 1
 78 0.02893736249299689 0.01 1
 79 0.01494899078722457 0.01 1
 83 0.002400233296738686 0.01 1
 86 0.002727781255167511 0.01 1
 86 0.02553298690708257 0.01 1
 86 0.04934800989442446 0.01 1
 87 0.04733527597184616 0.01 1
 88 0.02147512048658921 0.01 1
 92 0.02251794082758712 0.01 1
 93 0.006652381670571664 0.01 1
 93 0.03492074715453446 0.01 1
 94 0.04553195224943141 0.01 1
 95 0.0435865999880087 0.01 1
 97 0.04044449361335297 0.01 1
 99 0.0319733893926035 0.01 1
 100 0.02886564206436552 0.01 1
 100 0.0428854250611804 0.01 1
 100 0.0490573977883599 0.01 1
 102 0.03808284036793641 0.01 1
 102 0.04867782434417294 0.01 1
 103 0.01038720344443741 0.01 1
 104 2.899043005974346e-05 0.01 1
 104 0.02288622271146189 0.01 1
 105 0.01604096440420961 0.01 1
 105 0.01670427075557128 0.01 1
 106 0.01939243423178307 0.01 1
 108 0.01661137289100049 0.01 1
 109 0.009756274286199081 0.01 1
 109 0.04165647181921404 0.01 1
 111 0.02159568353494633 0.01 1
 111 0.02834923674904027 0.01 1
 112 0.001085948590154346 0.01 1
 113 0.007894827950861379 0.01 1
 116 0.0395955655896771 0.01 1
 117 0.007462142767374604 0.01 1
 118 0.03261316866974347 0.01 1
 120 0.006856100948707407 0.01 1
 123 0.01920988578527413 0.01 1
 123 0.04834783577743015 0.01 1
 124 0.003176881790326624 0.01 1
 124 0.007900593498259337 0.01 1
 125 0.01444181535683008 0.01 1
 125 0.03218102216078088 0.01 1
 126 0.01695875863706591 0.01 1
 126 0.02207644673754199 0.01 1
 126 0.04437977185181957 0.01 1
 127 0.03100145499140092 0.01 1
 128 0.02662583375155502 0.01 1
 131 0.01180997306732233 0.01 1
 131 0.02833949190948649 0.01 1
 132 0.02385841303626305 0.01 1
 134 0.0009125739710250671 0.01 1
 135 0.04646981390714727 0.01 1
 137 0.03690046322653878 0.01 1
 140 0.03240388871067975 0.01 1
 141 0.04541995434332358 0.01 1
 142 0.04400739028042937 0.01 1
 143 0.004789349181037093 0.01 1
 143 0.04211625642150015 0.01 1
 144 0.001202881007523367 0.01 1
 145 0.03679370366737256 0.01 1
 146 0.0426030046785662 0.01 1
 147 0.01541118123142012 0.01 1
 147 0.02099130245904589 0.01 1
 147 0.02517729639505388 0.01 1
 147 0.04853830797517593 0.01 1
 148 0.001288432840082991 0.01 1
 148 0.02369048064689523 0.01 1
 150 0.01439279959320519 0.01 1
 152 0.04659459602719642 0.01 1
 153 0.04008739303912711 0.01 1
 154 0.02681668514268144 0.01 1
 154 0.04615111731039057 0.01 1
 155 0.04993860248180067 0.01 1
 157 0.01260930189699493 0.01 1
 160 0.007333498097357037 0.01 1
 160 0.02502429627895739 0.01 1
 160 0.03012533967363556 0.01 1
 161 0.01951003765924896 0.01 1
 162 0.0460709929691103 0.01 1
 164 0.002672077313757202 0.01 1
 167 0.04863882626298253 0.01 1
 169 0.0005687278352938656 0.01 1
 169 0.001426584582430545 0.01 1
 170 0.04508157487443164 0.01 1
 171 0.006524994875423772 0.01 1
 171 0.04164388498269232 0.01 1
 171 0.04597373052224211 0.01 1
 172 0.03481351346736281 0.01 1
 173 0.02001879266945265 0.01 1
 174 0.02473362205179143 0.01 1
 176 0.001907608123604552 0.01 1
 176 0.00723077329712408 0.01 1
 176 0.01726818494221948 0.01 1
 179 0.01215669108865475 0.01 1
 179 0.02073566447310479 0.01 1
 179 0.04771851353495336 0.01 1
 180 0.01071814942811554 0.01 1
 182 0.007026631408607234 0.01 1
 186 0.008482823788272083 0.01 1
 189 0.02107334824916121 0.01 1
 189 0.02266861491666249 0.01 1
 190 0.005207480406007284 0.01 1
 190 0.03962256744509925 0.01 1
 191 0.01938828183964357 0.01 1
 191 0.03022710076758672 0.01 1
 191 0.044090829557725 0.01 1
 191 0.04456645647600838 0.01 1
 192 0.0049479014718405 0.01 1
 193 0.03123553478736697 0.01 1
 194 0.009576393225132566 0.01 1
 194 0.0460448025331766 0.01 1
 195 0.04726424007353287 0.01 1
 196 0.00804855889528657 0.01 1
 196 0.01932716685108716 0.01 1
 196 0.04033190554533071 0.01 1
 198 0.03397624070228416 0.01 1
 200 0.007547922729790164 0.01 1
 200 0.01048518167633817 0.01 1
 201 0.04481543944151829 0.01 1
 203 0.02223747188437526 0.01 1
 205 0.009320052131925145 0.01 1
 207 0.04362971824062059 0.01 1
 208 0.007348192670821785 0.01 1
 208 0.02396900409438801 0.01 1
 208 0.04372911604794457 0.01 1
 209 0.000669161653209416 0.01 1
 209 0.04511021227632127 0.01 1
 210 0.047507501437659 0.01 1
 211 0.03765662187932382 0.01 1
 213 0.02411187403400484 0.01 1
 213 0.04721632238553974 0.01 1
 214 0.02996975012398702 0.01 1
 215 0.0479319871411943 0.01 1
 216 0.03563488487445766 0.01 1
 216 0.04195407104573241 0.01 1
 217 0.03805113221775164 0.01 1
 220 0.01909746777564884 0.01 1
 220 0.04283521731129147 0.01 1
 222 0.004617645345349363 0.01 1
 222 0.01581601415972777 0.01 1
 222 0.02015454401737106 0.01 1
 222 0.02697218551579516 0.01 1
 222 0.04618136085885469 0.01 1
 223 0.03279186563089592 0.01 1
 223 0.04486429738358812 0.01 1
 224 0.01228773165118088 0.01 1
 225 0.01394495636430729 0.01 1
 226 0.01181405306903443 0.01 1
 228 0.003398442172086115 0.01 1
 228 0.03945879213690798 0.01 1
 228 0.04466733111791617 0.01 1
 228 0.0475073181621105 0.01 1
 229 0.02794857749188885 0.01 1
 231 0.009959498691890794 0.01 1
 231 0.01585522210225462 0.01 1
 231 0.02831704157401127 0.01 1
